000
000
000
000
000
000
000
000
000
000
000
000
000
000
000
000
000
000
000
000
000
000
000
000
000
000
000
000
000
000
000
000
000
000
000
000
000
000
000
000
000
000
000
000
000
000
000
000
000
000
000
000
000
000
000
000
000
000
000
000
000
000
000
000
000
000
000
000
000
000
000
000
000
000
000
000
000
000
000
000
000
000
000
000
000
000
000
000
000
000
000
000
000
000
000
000
000
000
000
000
000
000
000
000
000
000
000
000
000
000
000
000
000
000
000
000
000
000
000
000
000
000
000
000
000
000
000
000
000
000
000
000
000
000
000
000
000
000
000
000
000
000
000
000
000
000
000
000
000
000
000
000
000
000
000
000
000
000
000
000
000
000
000
000
000
000
000
000
000
000
000
000
000
000
000
000
000
000
000
000
000
000
000
000
000
000
000
000
000
000
000
000
000
000
000
000
000
000
000
000
000
000
000
000
000
000
000
000
000
000
000
000
000
000
000
000
000
000
000
000
000
000
000
000
000
000
000
000
000
000
000
000
000
000
000
000
000
000
000
000
000
000
000
000
000
000
000
000
000
000
000
000
000
000
000
000
000
000
000
000
000
000
000
000
000
000
000
000
000
000
000
000
000
000
000
000
000
000
000
000
000
000
000
000
000
000
000
000
000
000
000
000
000
000
000
000
000
000
000
000
000
000
000
000
000
000
000
000
000
000
000
000
000
000
000
000
000
000
000
000
000
000
000
000
000
000
000
000
000
000
000
000
000
000
000
000
000
000
000
000
000
000
000
000
000
000
000
000
000
000
000
000
000
000
000
000
000
000
000
000
000
000
000
000
000
000
000
000
000
000
000
000
000
000
000
000
000
000
000
000
000
000
000
000
000
000
000
000
000
000
000
000
000
000
000
000
000
000
000
000
000
000
000
000
000
000
000
000
000
000
000
e1479f
e549a1
e348a1
e74aa3
000
000
000
000
000
000
000
000
000
000
000
000
000
000
000
000
000
000
000
000
e74aa3
e348a1
e549a2
e2479f
000
000
000
000
000
000
000
000
000
000
000
000
000
000
000
000
000
000
000
000
000
000
e247a0
e94aa3
e749a3
eb4aa5
000
000
000
000
000
000
000
000
000
000
000
000
000
000
000
000
000
000
000
000
eb4aa5
e749a3
e94aa4
e347a0
000
000
000
000
000
000
000
000
000
000
000
000
000
000
000
000
000
000
000
000
000
000
e1489f
e549a1
e348a0
e749a3
000
000
000
000
000
000
000
000
000
000
000
000
000
000
000
000
000
000
000
000
e749a3
e348a0
e649a2
e2489f
000
000
000
000
000
000
000
000
000
000
000
000
000
000
000
000
000
000
000
000
000
000
e448a0
ea4aa4
e749a4
ea4aa6
000
000
000
000
000
000
000
000
000
000
000
000
000
000
000
000
000
000
000
000
eb4aa5
e749a4
eb4aa5
e348a0
000
000
000
000
000
000
000
000
000
000
000
000
000
000
000
000
000
000
000
000
000
000
000
000
000
000
e147a0
e749a3
e549a1
ea4aa3
000
000
000
000
000
000
000
000
000
000
000
000
ea4aa3
e549a1
e749a3
e348a0
000
000
000
000
000
000
000
000
000
000
000
000
000
000
000
000
000
000
000
000
000
000
000
000
000
000
000
000
000
000
e348a0
ea4aa5
e94aa4
ec4aa5
000
000
000
000
000
000
000
000
000
000
000
000
ec4aa5
e94aa4
ea4aa5
e548a2
000
000
000
000
000
000
000
000
000
000
000
000
000
000
000
000
000
000
000
000
000
000
000
000
000
000
000
000
000
000
e2489f
e548a1
e348a0
e849a3
000
000
000
000
000
000
000
000
000
000
000
000
e849a3
e348a0
e548a1
e248a1
000
000
000
000
000
000
000
000
000
000
000
000
000
000
000
000
000
000
000
000
000
000
000
000
000
000
000
000
000
000
e248a0
e448a1
e348a0
e648a2
000
000
000
000
000
000
000
000
000
000
000
000
e648a2
e348a0
e448a1
e248a0
000
000
000
000
000
000
000
000
000
000
000
000
000
000
000
000
000
000
000
000
000
000
000
000
000
000
e248a0
e649a2
e248a0
e348a0
e1489f
e1479e
e1479e
e2479f
e348a0
e548a1
e548a1
e548a1
e548a1
e548a1
e548a1
e548a1
e548a1
e548a1
e548a1
e348a0
e2479f
e1479e
e1479e
e1489e
e347a0
e248a0
e749a3
e3479f
000
000
000
000
000
000
000
000
000
000
000
000
000
000
000
000
000
000
000
000
000
000
e248a0
e94aa3
e548a1
e448a0
e1479e
e0479e
e0479e
e1479f
e449a1
e649a2
e649a2
e649a2
e649a2
e649a2
e649a2
e649a2
e649a2
e649a2
e649a2
e449a1
e1479f
e0479e
e0479e
e1479f
e448a1
e548a1
ea4aa4
e447a0
000
000
000
000
000
000
000
000
000
000
000
000
000
000
000
000
000
000
000
000
000
000
e1479f
e448a0
e0479e
e1479f
e348a0
e448a1
e448a1
e348a0
e1479e
e0479e
e0479e
e0479e
e0479e
e0479e
e0479e
e0479e
e0479e
e0479e
e0479e
e1479f
e348a0
e448a1
e448a1
e348a0
e1479f
e0479e
e448a1
e2479e
000
000
000
000
000
000
000
000
000
000
000
000
000
000
000
000
000
000
000
000
000
000
e0479f
e348a0
e0479e
e248a0
e649a3
e749a3
e749a3
e649a2
e1489f
e1479f
e0479e
e0479e
e0479e
e0479e
e0479e
e0479e
e0479e
e0479e
e1479f
e2479f
e648a2
e749a3
e749a3
e548a2
e248a0
e0479e
e448a0
e2479e
000
000
000
000
000
000
000
000
000
000
000
000
000
000
000
000
000
000
e1489f
e84aa3
e74aa2
e548a0
e0489e
e1479e
e1479f
e349a0
000
000
000
000
e248a0
e348a0
e0479e
e0479e
e0479e
e0479e
e0479e
e0479e
e0479e
e0479e
e448a0
e247a0
000
000
000
000
e348a0
e1479f
e1479f
e1489f
e649a2
e74aa2
e84aa3
e1489f
000
000
000
000
000
000
000
000
000
000
000
000
000
000
e0479f
e84aa4
e649a2
e548a1
e1479e
e0479e
e1489f
e449a2
000
000
000
000
e348a0
e549a2
e0479e
e0479e
e0479e
e0479e
e0479e
e0479e
e0479e
e0479e
e549a2
e448a0
000
000
000
000
e649a2
e2489f
e0479e
e1479f
e548a1
e649a2
e84aa4
e0479f
000
000
000
000
000
000
000
000
000
000
000
000
000
000
e1479e
e248a0
e0479e
e0479e
e0479e
e0479e
e1489f
e449a2
000
000
000
000
e448a0
e549a2
e0479e
e0479e
e0479e
e0479e
e0479e
e0479e
e0479e
e0479e
e549a2
e448a1
000
000
000
000
e649a2
e2489f
e0479e
e0479e
e0479e
e0479e
e248a0
e1479e
000
000
000
000
000
000
000
000
000
000
000
000
000
000
e0479e
e2489f
e0479e
e0479e
e0479e
e0479e
e1479f
e348a0
000
000
000
000
e348a0
e448a1
e0479e
e0479e
e0479e
e0479e
e0479e
e0479e
e0479e
e0479e
e448a1
e348a1
000
000
000
000
e548a1
e2479f
e0479e
e0479e
e0479e
e0479e
e2489f
e0479e
000
000
000
000
000
000
000
000
000
000
e0469e
e849a3
e649a3
e648a2
e0479e
e1479e
e0479e
e0479e
e0479e
e0479e
e0479e
e148a0
e549a1
e649a3
e649a3
e448a2
e1489f
e1489f
e0479e
e0479e
e0479e
e0479e
e0479e
e0479e
e0479e
e0479e
e2489f
e247a0
e448a1
e649a3
e649a3
e448a1
e248a0
e1479e
e0479e
e0479e
e0479e
e0479e
e1479e
e0479e
e648a2
e649a3
e849a4
e1479e
000
000
000
000
000
000
e1479f
e749a2
e548a1
e448a1
e0479e
e0479e
e0479e
e0479e
e0479e
e0479e
e0479e
e1479f
e448a1
e548a1
e548a1
e448a1
e1479f
e0479e
e0479e
e0479e
e0479e
e0479e
e0479e
e0479e
e0479e
e0479e
e0479e
e1479f
e448a1
e548a1
e548a1
e448a1
e1479f
e0479e
e0479e
e0479e
e0479e
e0479e
e0479e
e0479e
e448a1
e548a1
e749a3
e1479e
000
000
000
000
000
000
e1469e
e2489f
e0479e
e0479e
e348a0
e448a1
e448a1
e348a0
e0479e
e0479e
e0479e
e0479e
e0479e
e0479e
e0479e
e0479e
e0479e
e0479e
e0479e
e0479e
e0479e
e0479e
e0479e
e0479e
e0479e
e0479e
e0479e
e0479e
e0479e
e0479e
e0479e
e0479e
e0479e
e0479e
e0479e
e1479e
e348a0
e448a1
e448a1
e348a0
e0479e
e0479e
e248a0
e0479f
000
000
000
000
000
000
e1469e
e2489f
e0479e
e0479f
e449a0
e348a0
e348a0
e2489f
e0479f
e0479e
e0479e
e0479e
e0479e
e0479e
e0479e
e0479e
e0479e
e0479e
e0479e
e0479e
e0479e
e0479e
e0479e
e0479e
e0479e
e0479e
e0479e
e0479e
e0479e
e0479e
e0479e
e0479e
e0479e
e0479e
e1479e
e1479e
e348a0
e348a0
e348a0
e449a0
e0479f
e0479e
e248a0
e0479f
000
000
000
000
000
000
e1469e
e2489f
e1479f
e0479e
000
000
000
000
e1479e
e248a0
e0479e
e0479e
e0479e
e0479e
e0479e
e0479e
e0479e
e0479e
e0479e
e0479e
e0479e
e0479e
e0479e
e0479e
e0479e
e0479e
e0479e
e0479e
e0479e
e0479e
e0479e
e0479e
e0479e
e0479e
e348a0
e1489f
000
000
000
000
e0479e
e1479f
e248a0
e0479f
000
000
000
000
000
000
e1469e
e2489f
e1479f
e0469e
000
000
000
000
e1479e
e448a0
e0479e
e0479e
e0479e
e0479e
e0479e
e0479e
e0479e
e0479e
e0479e
e0479e
e0479e
e0479e
e0479e
e0479e
e0479e
e0479e
e0479e
e0479e
e0479e
e0479e
e0479e
e0479e
e0479e
e0479e
e448a1
e1479f
000
000
000
000
e0469e
e1479f
e248a0
e0479f
000
000
000
000
000
000
e1469e
e2489f
e1479f
e0489e
000
000
000
000
e1479e
e448a0
e0479e
e1479f
e348a0
e448a0
e448a0
e448a0
e448a0
e448a0
e448a0
e448a0
e448a0
e448a0
e448a0
e448a0
e448a0
e448a0
e448a0
e448a0
e448a0
e448a0
e448a0
e348a0
e1479f
e0479e
e448a1
e2479f
000
000
000
000
e0489e
e1479f
e248a0
e0479f
000
000
000
000
000
000
e1469e
e2489f
e1479f
e0489e
000
000
000
000
e1479e
e448a0
e0479e
e1479e
e248a0
e348a0
e348a0
e348a0
e348a0
e348a0
e348a0
e348a0
e348a0
e348a0
e348a0
e348a0
e348a0
e348a0
e348a0
e348a0
e348a0
e348a0
e348a0
e248a0
e1479e
e0479e
e448a1
e2479f
000
000
000
000
e0489e
e1479f
e248a0
e0479f
000
000
000
000
000
000
e1469e
e2489f
e1479f
e0489e
000
000
000
000
e1479e
e448a0
e1479f
e348a0
000
000
000
000
000
000
000
000
000
000
000
000
000
000
000
000
000
000
000
000
e448a1
e1479f
e448a1
e2479f
000
000
000
000
e0489e
e1479f
e248a0
e0479f
000
000
000
000
000
000
e1469e
e2489f
e1479f
e0489e
000
000
000
000
e1479e
e448a0
e1489f
e549a1
000
000
000
000
000
000
000
000
000
000
000
000
000
000
000
000
000
000
000
000
e649a2
e2489f
e448a1
e2479f
000
000
000
000
e0489e
e1479f
e248a0
e0479f
000
000
000
000
000
000
e1469f
e549a1
e347a1
e0479e
000
000
000
000
e1489f
e749a2
e448a1
e649a3
000
000
000
000
000
000
000
000
000
000
000
000
000
000
000
000
000
000
000
000
e949a4
e548a1
e749a3
e247a0
000
000
000
000
e0479e
e347a1
e549a2
e0479f
000
000
000
000
000
000
e2479f
e348a0
e347a0
e0479e
000
000
000
000
e248a0
e449a1
e248a0
e64aa3
000
000
000
000
000
000
000
000
000
000
000
000
000
000
000
000
000
000
000
000
e749a2
e348a0
e549a2
e3489f
000
000
000
000
e0479e
e347a0
e348a1
e0489e
000
000
000
000
000
000
000
000
000
000
000
000
000
000
000
000
000
000
e148a0
e448a2
e0469e
e0469e
e0469e
e0469e
e448a2
e74aa3
000
000
000
000
e74aa3
e448a2
e0469e
e0469e
e0469e
e0469e
e448a2
e2479f
000
000
000
000
000
000
000
000
000
000
000
000
000
000
000
000
000
000
000
000
000
000
000
000
000
000
000
000
000
000
e1489f
e649a2
e1479f
e1479f
e1479f
e1479f
e649a2
e848a3
000
000
000
000
e848a3
e649a2
e1479f
e1479f
e1479f
e1479f
e649a2
e348a0
000
000
000
000
000
000
000
000
000
000
000
000
000
000
000
000
000
000
000
000
000
000
000
000
000
000
000
000
000
000
e349a0
e649a3
e248a0
e248a0
e248a0
e248a0
e649a3
e949a5
000
000
000
000
e949a5
e649a3
e248a0
e248a0
e248a0
e248a0
e649a3
e447a1
000
000
000
000
000
000
000
000
000
000
000
000
000
000
000
000
000
000
000
000
000
000
000
000
000
000
000
000
000
000
e348a0
e649a2
e0479e
e0479e
e0479e
e0479e
e448a2
e849a3
000
000
000
000
e849a3
e448a2
e0479e
e0479e
e0479e
e0479e
e649a2
e248a1
000
000
000
000
000
000
000
000
000
000
000
000
000
000
000
000
000
000
000
000
000
000
000
000
000
000
000
000
000
000
000
000
000
000
000
000
000
000
000
000
000
000
000
000
000
000
000
000
000
000
000
000
000
000
000
000
000
000
000
000
000
000
000
000
000
000
000
000
000
000
000
000
000
000
000
000
000
000
000
000
000
000
000
000
000
000
000
000
000
000
000
000
000
000
000
000
000
000
000
000
000
000
000
000
000
000
000
000
000
000
000
000
000
000
000
000
000
000
000
000
000
000
000
000
000
000
000
000
000
000
000
000
000
000
000
000
000
000
000
000
000
000
000
000
000
000
000
000
000
000
000
000
000
000
000
000
000
000
000
000
000
000
000
000
000
000
000
000
000
000
000
000
000
000
000
000
000
000
000
000
000
000
000
000
000
000
000
000
000
000
000
000
000
000
000
000
000
000
000
000
000
000
000
000
000
000
000
000
000
000
000
000
000
000
000
000
000
000
000
000
000
000
000
000
000
000
000
000
000
000
000
000
000
000
000
000
000
000
000
000
000
000
000
000
000
000
000
000
000
000
000
000
000
000
000
000
000
000
000
000
000
000
000
000
000
000
000
000
000
000
000
000
000
000
000
000
000
000
000
000
000
000
000
000
000
000
000
000
000
000
000
000
000
000
000
000
000
000
000
000
000
000
000
000
000
000
000
000
000
000
000
000
000
000
000
000
000
000
000
000
000
000
000
000
000
000
000
000
000
000
000
000
000
000
000
000
000
000
000
000
000
000
000
000
000
000
000
000
000
000
000
000
000
000
000
000
000
000
000
000
000
000
000
000
000
000
000
000
000
000
000
000
000
000
000
000
000
000
000
000
000
000
000
000
000
000
000
000
000
000
000
000
000
000
000
000
000
000
000
000
000
000
000
000
000
000
000
000
000
000
000
000
000
000
000
000
000
000
000
000
000
000
000
000
000
000
000
000
000
000
000
000
000
000
000
000
000
000
000
000
000
000
000
000
000
000
000
000
000
000
000
000
000
000
000
000
000
000
000
000
000
000
000
000
000
000
000
000
000
000
000
000
000
000
000
000
000
000
000
000
000
000
000
000
000
000
000
000
000
000
000
000
000
000
000
000
000
000
000
000
000
000
000
000
000
000
000
000
000
000
000
000
000
000
000
